2 0.262757 0.074468 0.462847 0.080271
1 0.262757 0.518617 0.464637 0.809961
3 0.146374 0.518617 0.231871 0.809961
3 0.378693 0.518617 0.232766 0.809961
1 0.614145 0.289894 0.238138 0.512089
3 0.614145 0.289894 0.238138 0.512089
4 0.614145 0.439313 0.236347 0.213250
1 0.864816 0.289894 0.263205 0.512089
3 0.864816 0.289894 0.263205 0.512089
4 0.864816 0.463975 0.261415 0.163926
1 0.745748 0.734526 0.501343 0.377176
3 0.620412 0.734526 0.250671 0.377176
3 0.871083 0.734526 0.250671 0.377176
5 0.513876 0.942940 0.966876 0.038685
